Train_loss
[0.48203894054986596, 0.43745215370403073, 0.42347398022326027, 0.41501496821884215, 0.4071228517749445, 0.40332399209340414, 0.39707019900887963, 0.3945648077057629, 0.3895524306510522, 0.38736014574523864, 0.38583746940139835, 0.3817399627794095, 0.3849083960056305, 0.38068228548135213, 0.3797352426904973, 0.3805959820262785, 0.37699488721242763, 0.37525294011201316, 0.3762981505897956, 0.37594423759274365]

Train_acc
[0.8233739733695984, 0.8719512224197388, 0.8864328861236572, 0.8951219320297241, 0.9031503796577454, 0.9076727628707886, 0.9141259789466858, 0.9169207215309143, 0.9225609302520752, 0.923526406288147, 0.9265243411064148, 0.929979681968689, 0.9263719320297241, 0.9308943152427673, 0.9318089485168457, 0.9308943152427673, 0.9351117610931396, 0.9363821148872375, 0.9354166388511658, 0.935924768447876]

Valid_loss
[0.4390597620180675, 0.4238892586587311, 0.42976033532774294, 0.4127500459745333, 0.40994200400717845, 0.4094537380453828, 0.40762708868299213, 0.40662250716190834, 0.407173880896011, 0.402003014823059, 0.40618724346934976, 0.42844950707701895, 0.40262153028667746, 0.3992993806476717, 0.39745450077892897, 0.40102955969897186, 0.40114174802581987, 0.3965906945915965, 0.40165994364719887, 0.4031355932548449]

Valid_acc
[0.867805540561676, 0.8840756416320801, 0.8759406208992004, 0.8968883156776428, 0.9011592268943787, 0.9005491137504578, 0.9040064811706543, 0.9046165943145752, 0.9056335091590881, 0.909904420375824, 0.906243622303009, 0.8836688995361328, 0.9082773923873901, 0.9123449325561523, 0.9147854447364807, 0.9109212756156921, 0.9101077914237976, 0.9158022999763489, 0.9090908765792847, 0.909904420375824]

FBeta Score
[0.8672115500595228, 0.8829756532689684, 0.8731953428881344, 0.8962380455253673, 0.899477635447291, 0.8996969657217068, 0.9034475884193766, 0.903757440183159, 0.9053311114901658, 0.9082386184583708, 0.9055655437592681, 0.8834469118703998, 0.9065166215709072, 0.9112109059222475, 0.9135043192717477, 0.9097940852025004, 0.9090909090909092, 0.9154111125394505, 0.9084876462256727, 0.9105672515079782]

Total training time
652.4002711772919

